code,trade_date,open_price,high_price,low_price,close_price,volume,amount,adjust_factor,turnover_rate,market,adjustment,data_source,created_at,updated_at
002436.SZ,2025-03-26,12.5,12.71,12.42,12.57,316981.0,399736005.0,1.0,2.1134,sz,none,baostock,2026-03-26 23:33:38.984384,2026-03-26 23:33:38.984385
002436.SZ,2025-03-27,12.56,13.13,12.51,12.74,641018.18,824711822.01,1.0,4.2739,sz,none,baostock,2026-03-26 23:33:38.984424,2026-03-26 23:33:38.984424
002436.SZ,2025-03-28,12.65,12.7,12.32,12.32,420724.0,523362849.87,1.0,2.8051,sz,none,baostock,2026-03-26 23:33:38.984436,2026-03-26 23:33:38.984436
002436.SZ,2025-03-31,12.2,12.31,11.92,12.23,454265.18,551515069.61,1.0,3.0287,sz,none,baostock,2026-03-26 23:33:38.984446,2026-03-26 23:33:38.984446
002436.SZ,2025-04-01,12.35,12.43,12.11,12.31,350139.26,429661964.9,1.0,2.3345,sz,none,baostock,2026-03-26 23:33:38.984455,2026-03-26 23:33:38.984456
002436.SZ,2025-04-02,12.27,12.44,12.24,12.27,209739.83,258393804.87,1.0,1.3984,sz,none,baostock,2026-03-26 23:33:38.984464,2026-03-26 23:33:38.984464
002436.SZ,2025-04-03,12.11,12.34,11.88,11.93,354451.13,427350940.76,1.0,2.3632,sz,none,baostock,2026-03-26 23:33:38.984472,2026-03-26 23:33:38.984472
002436.SZ,2025-04-07,11.0,11.3,10.74,10.74,419115.0,453768147.0,1.0,2.7944,sz,none,baostock,2026-03-26 23:33:38.984480,2026-03-26 23:33:38.984480
002436.SZ,2025-04-08,10.5,10.71,9.8,10.13,827854.0,841271703.29,1.0,5.5196,sz,none,baostock,2026-03-26 23:33:38.984488,2026-03-26 23:33:38.984488
002436.SZ,2025-04-09,9.85,10.64,9.26,10.53,728827.77,739644129.04,1.0,4.8593,sz,none,baostock,2026-03-26 23:33:38.984496,2026-03-26 23:33:38.984497
002436.SZ,2025-04-10,10.88,10.98,10.53,10.54,586976.17,630219744.56,1.0,3.9136,sz,none,baostock,2026-03-26 23:33:38.984505,2026-03-26 23:33:38.984505
002436.SZ,2025-04-11,10.44,11.06,10.37,10.85,540737.13,584363129.53,1.0,3.6039,sz,none,baostock,2026-03-26 23:33:38.984512,2026-03-26 23:33:38.984513
002436.SZ,2025-04-14,11.05,11.69,10.91,11.29,730452.9,818142212.25,1.0,4.8683,sz,none,baostock,2026-03-26 23:33:38.984521,2026-03-26 23:33:38.984521
002436.SZ,2025-04-15,11.12,11.27,10.88,10.96,423455.45,466281067.65,1.0,2.8222,sz,none,baostock,2026-03-26 23:33:38.984529,2026-03-26 23:33:38.984530
002436.SZ,2025-04-16,11.35,11.54,10.87,10.98,472979.54,525832406.94,1.0,3.1523,sz,none,baostock,2026-03-26 23:33:38.984538,2026-03-26 23:33:38.984538
002436.SZ,2025-04-17,10.88,11.34,10.85,10.96,357594.51,396881357.89,1.0,2.3833,sz,none,baostock,2026-03-26 23:33:38.984546,2026-03-26 23:33:38.984546
002436.SZ,2025-04-18,11.04,11.05,10.8,10.9,240941.43,262438470.41,1.0,1.6058,sz,none,baostock,2026-03-26 23:33:38.984554,2026-03-26 23:33:38.984554
002436.SZ,2025-04-21,10.86,10.99,10.81,10.95,276039.56,301386912.94,1.0,1.8397,sz,none,baostock,2026-03-26 23:33:38.984562,2026-03-26 23:33:38.984562
002436.SZ,2025-04-22,11.17,11.46,11.06,11.16,531078.74,596517633.9,1.0,3.5395,sz,none,baostock,2026-03-26 23:33:38.984571,2026-03-26 23:33:38.984571
002436.SZ,2025-04-23,11.17,11.35,11.08,11.14,437506.6,489576435.94,1.0,2.9159,sz,none,baostock,2026-03-26 23:33:38.984579,2026-03-26 23:33:38.984579
002436.SZ,2025-04-24,11.08,11.1,10.7,10.72,465151.72,504153101.72,1.0,3.1001,sz,none,baostock,2026-03-26 23:33:38.984587,2026-03-26 23:33:38.984587
002436.SZ,2025-04-25,10.98,11.69,10.85,11.37,948900.51,1072171073.48,1.0,6.3242,sz,none,baostock,2026-03-26 23:33:38.984595,2026-03-26 23:33:38.984595
002436.SZ,2025-04-28,11.38,11.66,11.33,11.4,524871.12,602852683.47,1.0,3.4982,sz,none,baostock,2026-03-26 23:33:38.984603,2026-03-26 23:33:38.984603
002436.SZ,2025-04-29,11.37,11.57,11.31,11.38,420477.5,480759836.24,1.0,2.8024,sz,none,baostock,2026-03-26 23:33:38.984611,2026-03-26 23:33:38.984611
002436.SZ,2025-04-30,11.42,12.52,11.36,12.52,1170914.1,1412869489.94,1.0,7.8039,sz,none,baostock,2026-03-26 23:33:38.984619,2026-03-26 23:33:38.984619
002436.SZ,2025-05-06,12.78,13.17,12.52,12.92,1337532.32,1719405114.89,1.0,8.9144,sz,none,baostock,2026-03-26 23:33:38.984628,2026-03-26 23:33:38.984628
002436.SZ,2025-05-07,12.99,13.15,12.79,13.06,1123644.8,1457098730.82,1.0,7.4889,sz,none,baostock,2026-03-26 23:33:38.984636,2026-03-26 23:33:38.984636
002436.SZ,2025-05-08,12.96,13.01,12.76,12.91,806221.84,1038221898.58,1.0,5.3733,sz,none,baostock,2026-03-26 23:33:38.984644,2026-03-26 23:33:38.984644
002436.SZ,2025-05-09,12.83,12.93,12.6,12.69,585100.32,745026803.43,1.0,3.8996,sz,none,baostock,2026-03-26 23:33:38.984652,2026-03-26 23:33:38.984652
002436.SZ,2025-05-12,12.8,12.87,12.61,12.75,523034.24,664712630.76,1.0,3.4859,sz,none,baostock,2026-03-26 23:33:38.984659,2026-03-26 23:33:38.984660
002436.SZ,2025-05-13,12.8,12.89,12.53,12.61,745281.13,945512439.38,1.0,4.9671,sz,none,baostock,2026-03-26 23:33:38.984667,2026-03-26 23:33:38.984668
002436.SZ,2025-05-14,12.91,12.99,12.54,12.72,673685.28,858305314.78,1.0,4.49,sz,none,baostock,2026-03-26 23:33:38.984675,2026-03-26 23:33:38.984675
002436.SZ,2025-05-15,12.61,12.68,12.09,12.11,728390.56,892725911.77,1.0,4.8546,sz,none,baostock,2026-03-26 23:33:38.984683,2026-03-26 23:33:38.984683
002436.SZ,2025-05-16,12.07,12.44,12.07,12.27,433323.76,532363511.31,1.0,2.888,sz,none,baostock,2026-03-26 23:33:38.984691,2026-03-26 23:33:38.984691
002436.SZ,2025-05-19,12.27,12.38,12.1,12.33,335996.0,411647832.0,1.0,2.2393,sz,none,baostock,2026-03-26 23:33:38.984699,2026-03-26 23:33:38.984699
002436.SZ,2025-05-20,12.34,12.34,12.1,12.23,306306.17,373884516.01,1.0,2.0415,sz,none,baostock,2026-03-26 23:33:38.984706,2026-03-26 23:33:38.984706
002436.SZ,2025-05-21,12.19,12.26,12.03,12.21,331039.0,401999991.0,1.0,2.2063,sz,none,baostock,2026-03-26 23:33:38.984714,2026-03-26 23:33:38.984714
002436.SZ,2025-05-22,12.2,12.28,11.98,12.01,326287.45,394957418.85,1.0,2.1746,sz,none,baostock,2026-03-26 23:33:38.984722,2026-03-26 23:33:38.984722
002436.SZ,2025-05-23,11.99,12.08,11.77,11.8,362800.95,432474027.39,1.0,2.418,sz,none,baostock,2026-03-26 23:33:38.984730,2026-03-26 23:33:38.984730
002436.SZ,2025-05-26,11.76,11.93,11.75,11.9,258923.0,307031540.0,1.0,1.7257,sz,none,baostock,2026-03-26 23:33:38.984737,2026-03-26 23:33:38.984737
002436.SZ,2025-05-27,11.8,11.92,11.6,11.7,310062.99,363513087.31,1.0,2.0665,sz,none,baostock,2026-03-26 23:33:38.984745,2026-03-26 23:33:38.984745
002436.SZ,2025-05-28,11.76,11.78,11.52,11.58,270042.0,314314611.0,1.0,1.7998,sz,none,baostock,2026-03-26 23:33:38.984753,2026-03-26 23:33:38.984753
002436.SZ,2025-05-29,11.6,11.92,11.6,11.85,354429.15,419103989.62,1.0,2.3622,sz,none,baostock,2026-03-26 23:33:38.984761,2026-03-26 23:33:38.984762
002436.SZ,2025-05-30,11.77,11.77,11.4,11.5,348900.0,402981362.0,1.0,2.3253,sz,none,baostock,2026-03-26 23:33:38.984769,2026-03-26 23:33:38.984770
002436.SZ,2025-06-03,11.41,11.49,11.33,11.39,224553.83,256144617.87,1.0,1.4966,sz,none,baostock,2026-03-26 23:33:38.984778,2026-03-26 23:33:38.984778
002436.SZ,2025-06-04,11.39,11.65,11.39,11.51,249990.34,288682694.61,1.0,1.6661,sz,none,baostock,2026-03-26 23:33:38.984785,2026-03-26 23:33:38.984786
002436.SZ,2025-06-05,11.44,12.06,11.44,11.93,641781.86,757507849.53,1.0,4.2773,sz,none,baostock,2026-03-26 23:33:38.984793,2026-03-26 23:33:38.984793
002436.SZ,2025-06-06,11.86,12.13,11.78,12.03,534723.04,641709885.59,1.0,3.5638,sz,none,baostock,2026-03-26 23:33:38.984801,2026-03-26 23:33:38.984801
002436.SZ,2025-06-09,12.04,12.12,11.98,12.02,305413.57,367797211.27,1.0,2.0355,sz,none,baostock,2026-03-26 23:33:38.984809,2026-03-26 23:33:38.984809
002436.SZ,2025-06-10,12.04,12.07,11.6,11.76,500694.63,591176495.32,1.0,3.337,sz,none,baostock,2026-03-26 23:33:38.984817,2026-03-26 23:33:38.984817
002436.SZ,2025-06-11,11.8,11.95,11.73,11.73,275592.99,325661198.87,1.0,1.8368,sz,none,baostock,2026-03-26 23:33:38.984825,2026-03-26 23:33:38.984825
002436.SZ,2025-06-12,11.79,11.88,11.68,11.7,310963.5,366506441.0,1.0,2.0725,sz,none,baostock,2026-03-26 23:33:38.984833,2026-03-26 23:33:38.984833
002436.SZ,2025-06-13,11.59,11.72,11.25,11.26,455898.03,519797642.29,1.0,3.0385,sz,none,baostock,2026-03-26 23:33:38.984840,2026-03-26 23:33:38.984840
002436.SZ,2025-06-16,11.45,11.9,11.39,11.67,557679.85,654842843.1,1.0,3.7168,sz,none,baostock,2026-03-26 23:33:38.984849,2026-03-26 23:33:38.984849
002436.SZ,2025-06-17,11.72,11.74,11.5,11.57,283661.33,328514629.16,1.0,1.8905,sz,none,baostock,2026-03-26 23:33:38.984857,2026-03-26 23:33:38.984857
002436.SZ,2025-06-18,11.52,11.95,11.5,11.87,568979.05,670203070.84,1.0,3.7921,sz,none,baostock,2026-03-26 23:33:38.984864,2026-03-26 23:33:38.984864
002436.SZ,2025-06-19,11.87,12.22,11.8,11.91,673511.42,810733255.21,1.0,4.4888,sz,none,baostock,2026-03-26 23:33:38.984872,2026-03-26 23:33:38.984872
002436.SZ,2025-06-20,11.98,12.6,11.91,11.94,739515.14,900547668.36,1.0,4.9287,sz,none,baostock,2026-03-26 23:33:38.984880,2026-03-26 23:33:38.984880
002436.SZ,2025-06-23,11.78,12.43,11.78,12.2,805727.0,982740345.26,1.0,5.37,sz,none,baostock,2026-03-26 23:33:38.984887,2026-03-26 23:33:38.984887
002436.SZ,2025-06-24,12.2,12.44,12.14,12.29,726468.2,894625199.08,1.0,4.8418,sz,none,baostock,2026-03-26 23:33:38.984895,2026-03-26 23:33:38.984895
002436.SZ,2025-06-25,12.39,13.02,12.31,12.8,1332129.43,1690993995.78,1.0,8.8784,sz,none,baostock,2026-03-26 23:33:38.984903,2026-03-26 23:33:38.984903
002436.SZ,2025-06-26,12.68,13.1,12.63,12.68,1031509.72,1320613863.59,1.0,6.8748,sz,none,baostock,2026-03-26 23:33:38.984910,2026-03-26 23:33:38.984910
002436.SZ,2025-06-27,12.7,13.32,12.46,12.94,1398132.4,1804544065.35,1.0,9.3182,sz,none,baostock,2026-03-26 23:33:38.984918,2026-03-26 23:33:38.984918
002436.SZ,2025-06-30,13.51,13.7,13.05,13.24,1507202.76,2007767215.54,1.0,10.0452,sz,none,baostock,2026-03-26 23:33:38.984925,2026-03-26 23:33:38.984925
002436.SZ,2025-07-01,13.21,13.54,12.98,13.3,1073034.96,1415246255.4,1.0,7.1515,sz,none,baostock,2026-03-26 23:33:38.984934,2026-03-26 23:33:38.984934
002436.SZ,2025-07-02,13.21,13.26,12.77,12.85,761837.77,983520585.63,1.0,5.0774,sz,none,baostock,2026-03-26 23:33:38.984942,2026-03-26 23:33:38.984942
002436.SZ,2025-07-03,12.8,13.4,12.79,13.21,925534.27,1214603085.09,1.0,6.1684,sz,none,baostock,2026-03-26 23:33:38.984950,2026-03-26 23:33:38.984950
002436.SZ,2025-07-04,13.1,13.39,12.93,13.14,855107.0,1124362770.32,1.0,5.699,sz,none,baostock,2026-03-26 23:33:38.984958,2026-03-26 23:33:38.984959
002436.SZ,2025-07-07,13.1,13.32,12.95,13.03,491355.4,642854909.38,1.0,3.2747,sz,none,baostock,2026-03-26 23:33:38.984967,2026-03-26 23:33:38.984967
002436.SZ,2025-07-08,13.1,14.09,13.0,13.84,1600199.06,2178345773.4,1.0,10.6648,sz,none,baostock,2026-03-26 23:33:38.984975,2026-03-26 23:33:38.984975
002436.SZ,2025-07-09,13.61,13.7,13.2,13.25,1057111.11,1416304562.28,1.0,7.0453,sz,none,baostock,2026-03-26 23:33:38.984983,2026-03-26 23:33:38.984983
002436.SZ,2025-07-10,13.32,13.33,12.69,12.79,1059578.51,1361487259.58,1.0,7.0617,sz,none,baostock,2026-03-26 23:33:38.984991,2026-03-26 23:33:38.984991
002436.SZ,2025-07-11,12.39,13.42,12.31,13.24,1387706.24,1785198062.2,1.0,9.2483,sz,none,baostock,2026-03-26 23:33:38.984999,2026-03-26 23:33:38.984999
002436.SZ,2025-07-14,13.52,13.98,13.3,13.91,1374295.1,1884288011.26,1.0,9.159,sz,none,baostock,2026-03-26 23:33:38.985007,2026-03-26 23:33:38.985007
002436.SZ,2025-07-15,14.0,14.2,13.71,13.91,1155399.84,1612282775.51,1.0,7.7001,sz,none,baostock,2026-03-26 23:33:38.985015,2026-03-26 23:33:38.985015
002436.SZ,2025-07-16,13.91,14.56,13.9,14.17,1288644.25,1843638856.26,1.0,8.5881,sz,none,baostock,2026-03-26 23:33:38.985022,2026-03-26 23:33:38.985022
002436.SZ,2025-07-17,14.12,14.9,14.12,14.71,1480220.25,2168427916.73,1.0,9.8649,sz,none,baostock,2026-03-26 23:33:38.985030,2026-03-26 23:33:38.985030
002436.SZ,2025-07-18,14.71,14.88,14.3,14.39,933327.42,1359476172.79,1.0,6.2201,sz,none,baostock,2026-03-26 23:33:38.985038,2026-03-26 23:33:38.985039
002436.SZ,2025-07-21,14.3,15.1,14.17,14.93,1265708.91,1853715145.96,1.0,8.4353,sz,none,baostock,2026-03-26 23:33:38.985046,2026-03-26 23:33:38.985046
002436.SZ,2025-07-22,14.74,15.04,14.56,14.65,889559.45,1313328912.08,1.0,5.9284,sz,none,baostock,2026-03-26 23:33:38.985054,2026-03-26 23:33:38.985054
002436.SZ,2025-07-23,14.49,16.12,14.37,15.72,2348509.73,3622394956.15,1.0,15.6516,sz,none,baostock,2026-03-26 23:33:38.985062,2026-03-26 23:33:38.985062
002436.SZ,2025-07-24,15.57,15.85,15.48,15.7,1277158.96,2001104144.69,1.0,8.4552,sz,none,baostock,2026-03-26 23:33:38.985069,2026-03-26 23:33:38.985069
002436.SZ,2025-07-25,15.61,16.35,15.55,16.26,1383162.64,2217329908.08,1.0,9.157,sz,none,baostock,2026-03-26 23:33:38.985077,2026-03-26 23:33:38.985077
002436.SZ,2025-07-28,16.77,17.89,16.48,17.89,1700803.15,2979277069.49,1.0,11.2599,sz,none,baostock,2026-03-26 23:33:38.985085,2026-03-26 23:33:38.985085
002436.SZ,2025-07-29,18.4,19.14,17.96,18.27,2641576.8,4857887352.78,1.0,17.4881,sz,none,baostock,2026-03-26 23:33:38.985093,2026-03-26 23:33:38.985093
002436.SZ,2025-07-30,18.28,19.3,17.95,18.59,2150592.41,3998849512.03,1.0,14.2376,sz,none,baostock,2026-03-26 23:33:38.985101,2026-03-26 23:33:38.985101
002436.SZ,2025-07-31,19.27,20.0,18.7,18.96,2621590.69,5064248687.07,1.0,17.3558,sz,none,baostock,2026-03-26 23:33:38.985109,2026-03-26 23:33:38.985109
002436.SZ,2025-08-01,18.55,18.93,18.08,18.24,1701824.31,3138182427.53,1.0,11.2666,sz,none,baostock,2026-03-26 23:33:38.985116,2026-03-26 23:33:38.985116
002436.SZ,2025-08-04,17.68,17.99,17.3,17.7,1393323.73,2448285262.91,1.0,9.2243,sz,none,baostock,2026-03-26 23:33:38.985124,2026-03-26 23:33:38.985124
002436.SZ,2025-08-05,17.83,17.97,16.92,16.99,1415546.45,2445349032.6,1.0,9.3714,sz,none,baostock,2026-03-26 23:33:38.985132,2026-03-26 23:33:38.985132
002436.SZ,2025-08-06,17.12,17.29,16.7,16.89,1120278.76,1899604907.72,1.0,7.4166,sz,none,baostock,2026-03-26 23:33:38.985139,2026-03-26 23:33:38.985139
002436.SZ,2025-08-07,16.89,17.07,16.2,16.52,994738.29,1645924863.36,1.0,6.5855,sz,none,baostock,2026-03-26 23:33:38.985147,2026-03-26 23:33:38.985147
002436.SZ,2025-08-08,16.49,16.7,16.29,16.53,1024500.18,1689363705.0,1.0,6.7825,sz,none,baostock,2026-03-26 23:33:38.985155,2026-03-26 23:33:38.985155
002436.SZ,2025-08-11,16.63,16.86,16.47,16.61,1145745.59,1906592695.34,1.0,7.5852,sz,none,baostock,2026-03-26 23:33:38.985163,2026-03-26 23:33:38.985164
002436.SZ,2025-08-12,16.62,16.64,15.83,16.03,1338732.62,2146918511.69,1.0,8.8629,sz,none,baostock,2026-03-26 23:33:38.985171,2026-03-26 23:33:38.985171
002436.SZ,2025-08-13,16.1,16.9,16.04,16.81,1666903.19,2770379411.84,1.0,11.0355,sz,none,baostock,2026-03-26 23:33:38.985179,2026-03-26 23:33:38.985179
002436.SZ,2025-08-14,16.72,16.79,16.0,16.06,1181396.87,1932619543.28,1.0,7.8212,sz,none,baostock,2026-03-26 23:33:38.985187,2026-03-26 23:33:38.985187
002436.SZ,2025-08-15,16.05,16.6,16.01,16.34,993761.33,1625779088.41,1.0,6.579,sz,none,baostock,2026-03-26 23:33:38.985194,2026-03-26 23:33:38.985195
002436.SZ,2025-08-18,16.43,16.66,16.02,16.57,1406261.04,2309060802.96,1.0,9.3099,sz,none,baostock,2026-03-26 23:33:38.985202,2026-03-26 23:33:38.985202
002436.SZ,2025-08-19,16.6,16.82,16.33,16.52,1422449.74,2362672225.14,1.0,9.4171,sz,none,baostock,2026-03-26 23:33:38.985210,2026-03-26 23:33:38.985210
002436.SZ,2025-08-20,16.45,16.45,15.8,16.4,1145920.31,1848874733.64,1.0,7.5864,sz,none,baostock,2026-03-26 23:33:38.985218,2026-03-26 23:33:38.985218
002436.SZ,2025-08-21,16.36,17.8,16.11,16.94,2150148.01,3636987913.37,1.0,14.2347,sz,none,baostock,2026-03-26 23:33:38.985226,2026-03-26 23:33:38.985226
002436.SZ,2025-08-22,17.28,17.7,17.13,17.36,2038784.4,3550214914.34,1.0,13.4974,sz,none,baostock,2026-03-26 23:33:38.985234,2026-03-26 23:33:38.985234
002436.SZ,2025-08-25,17.68,17.82,16.91,17.39,1829659.38,3156125615.24,1.0,12.113,sz,none,baostock,2026-03-26 23:33:38.985241,2026-03-26 23:33:38.985242
002436.SZ,2025-08-26,17.38,18.45,17.28,17.77,1951056.05,3505804441.51,1.0,12.9166,sz,none,baostock,2026-03-26 23:33:38.985250,2026-03-26 23:33:38.985250
002436.SZ,2025-08-27,17.71,19.55,17.62,18.3,3028146.01,5708349846.7,1.0,20.0473,sz,none,baostock,2026-03-26 23:33:38.985258,2026-03-26 23:33:38.985258
002436.SZ,2025-08-28,19.0,19.3,18.38,19.09,2291131.59,4334630184.06,1.0,15.1681,sz,none,baostock,2026-03-26 23:33:38.985265,2026-03-26 23:33:38.985266
002436.SZ,2025-08-29,18.9,21.0,18.68,21.0,2592634.47,5174399499.2,1.0,17.1641,sz,none,baostock,2026-03-26 23:33:38.985273,2026-03-26 23:33:38.985273
002436.SZ,2025-09-01,21.01,22.22,20.74,21.78,2615197.41,5597741475.21,1.0,17.3135,sz,none,baostock,2026-03-26 23:33:38.985281,2026-03-26 23:33:38.985281
002436.SZ,2025-09-02,21.31,21.4,19.6,19.6,2024884.3,4120567665.88,1.0,13.4054,sz,none,baostock,2026-03-26 23:33:38.985289,2026-03-26 23:33:38.985289
002436.SZ,2025-09-03,19.75,19.86,18.88,19.09,1439901.72,2771163813.14,1.0,9.5326,sz,none,baostock,2026-03-26 23:33:38.985297,2026-03-26 23:33:38.985297
002436.SZ,2025-09-04,19.31,19.46,17.83,18.2,1547589.29,2855797217.09,1.0,10.2456,sz,none,baostock,2026-03-26 23:33:38.985305,2026-03-26 23:33:38.985305
002436.SZ,2025-09-05,18.3,19.13,18.02,19.01,1145001.82,2135348533.23,1.0,7.5803,sz,none,baostock,2026-03-26 23:33:38.985312,2026-03-26 23:33:38.985313
002436.SZ,2025-09-08,19.2,19.87,18.52,18.87,1167538.06,2231895461.62,1.0,7.7295,sz,none,baostock,2026-03-26 23:33:38.985320,2026-03-26 23:33:38.985321
002436.SZ,2025-09-09,18.7,19.28,18.31,18.64,852797.57,1603160677.71,1.0,5.6458,sz,none,baostock,2026-03-26 23:33:38.985328,2026-03-26 23:33:38.985328
002436.SZ,2025-09-10,18.66,19.45,18.66,19.12,1189502.19,2273195555.86,1.0,7.8749,sz,none,baostock,2026-03-26 23:33:38.985336,2026-03-26 23:33:38.985336
002436.SZ,2025-09-11,19.2,21.03,19.19,21.03,1457093.18,2973206459.11,1.0,9.6464,sz,none,baostock,2026-03-26 23:33:38.985344,2026-03-26 23:33:38.985344
002436.SZ,2025-09-12,21.19,23.13,21.08,22.47,3050552.58,6920140332.71,1.0,20.1957,sz,none,baostock,2026-03-26 23:33:38.985352,2026-03-26 23:33:38.985352
002436.SZ,2025-09-15,22.32,22.85,21.88,22.17,1436251.23,3200127039.81,1.0,9.5085,sz,none,baostock,2026-03-26 23:33:38.985360,2026-03-26 23:33:38.985360
002436.SZ,2025-09-16,22.1,22.56,21.19,22.28,1563395.13,3429843866.33,1.0,10.3502,sz,none,baostock,2026-03-26 23:33:38.985368,2026-03-26 23:33:38.985368
002436.SZ,2025-09-17,22.47,22.86,21.85,22.38,1311294.96,2932215130.7,1.0,8.6812,sz,none,baostock,2026-03-26 23:33:38.985376,2026-03-26 23:33:38.985376
002436.SZ,2025-09-18,22.39,24.22,22.1,23.24,2182875.54,5063076419.72,1.0,14.4514,sz,none,baostock,2026-03-26 23:33:38.985384,2026-03-26 23:33:38.985384
002436.SZ,2025-09-19,23.99,24.65,23.38,23.64,1835008.04,4400618993.99,1.0,12.1484,sz,none,baostock,2026-03-26 23:33:38.985392,2026-03-26 23:33:38.985392
002436.SZ,2025-09-22,23.65,24.75,22.87,23.98,1379791.06,3281712094.92,1.0,9.1347,sz,none,baostock,2026-03-26 23:33:38.985399,2026-03-26 23:33:38.985400
002436.SZ,2025-09-23,24.82,25.09,22.47,23.26,1596064.91,3762963678.0,1.0,10.5665,sz,none,baostock,2026-03-26 23:33:38.985408,2026-03-26 23:33:38.985408
002436.SZ,2025-09-24,22.8,23.08,22.2,22.95,1395991.79,3170523924.53,1.0,9.2419,sz,none,baostock,2026-03-26 23:33:38.985415,2026-03-26 23:33:38.985415
002436.SZ,2025-09-25,22.95,23.05,21.94,22.58,902586.08,2040206599.3,1.0,5.9754,sz,none,baostock,2026-03-26 23:33:38.985423,2026-03-26 23:33:38.985423
002436.SZ,2025-09-26,22.59,23.56,22.25,22.25,1102279.89,2536355888.93,1.0,7.2975,sz,none,baostock,2026-03-26 23:33:38.985430,2026-03-26 23:33:38.985430
002436.SZ,2025-09-29,22.26,22.76,22.25,22.38,791971.1,1779865218.03,1.0,5.2431,sz,none,baostock,2026-03-26 23:33:38.985438,2026-03-26 23:33:38.985438
002436.SZ,2025-09-30,22.61,23.21,21.89,22.12,956635.39,2143152125.4,1.0,6.3332,sz,none,baostock,2026-03-26 23:33:38.985447,2026-03-26 23:33:38.985447
002436.SZ,2025-10-09,22.12,23.03,22.1,22.5,1058915.76,2395508634.32,1.0,7.0104,sz,none,baostock,2026-03-26 23:33:38.985455,2026-03-26 23:33:38.985456
002436.SZ,2025-10-10,22.42,22.49,20.85,21.01,1075041.37,2302984217.83,1.0,7.1171,sz,none,baostock,2026-03-26 23:33:38.985463,2026-03-26 23:33:38.985464
002436.SZ,2025-10-13,19.48,20.4,19.48,20.22,953773.14,1912977122.4,1.0,6.3143,sz,none,baostock,2026-03-26 23:33:38.985472,2026-03-26 23:33:38.985472
002436.SZ,2025-10-14,20.62,20.72,18.55,18.76,1140734.4,2207121376.01,1.0,7.552,sz,none,baostock,2026-03-26 23:33:38.985479,2026-03-26 23:33:38.985479
002436.SZ,2025-10-15,18.81,20.64,18.73,20.64,1079806.62,2114440273.58,1.0,7.1487,sz,none,baostock,2026-03-26 23:33:38.985487,2026-03-26 23:33:38.985487
002436.SZ,2025-10-16,20.59,21.63,20.4,20.81,1223733.56,2585451072.37,1.0,8.1015,sz,none,baostock,2026-03-26 23:33:38.985494,2026-03-26 23:33:38.985495
002436.SZ,2025-10-17,20.77,20.87,19.43,19.53,885418.92,1762257784.64,1.0,5.8618,sz,none,baostock,2026-03-26 23:33:38.985502,2026-03-26 23:33:38.985502
002436.SZ,2025-10-20,19.73,20.24,19.33,19.48,620936.31,1224321429.66,1.0,4.1108,sz,none,baostock,2026-03-26 23:33:38.985510,2026-03-26 23:33:38.985510
002436.SZ,2025-10-21,19.58,20.18,19.4,19.89,592229.37,1171712745.27,1.0,3.9208,sz,none,baostock,2026-03-26 23:33:38.985518,2026-03-26 23:33:38.985518
002436.SZ,2025-10-22,19.69,19.88,19.3,19.67,459437.4,902077655.07,1.0,3.0416,sz,none,baostock,2026-03-26 23:33:38.985526,2026-03-26 23:33:38.985526
002436.SZ,2025-10-23,19.58,19.75,18.66,19.04,602898.14,1144704444.72,1.0,3.9914,sz,none,baostock,2026-03-26 23:33:38.985534,2026-03-26 23:33:38.985534
002436.SZ,2025-10-24,19.43,20.44,19.43,20.3,876237.27,1754082626.37,1.0,5.801,sz,none,baostock,2026-03-26 23:33:38.985541,2026-03-26 23:33:38.985541
002436.SZ,2025-10-27,20.66,21.28,20.36,21.04,1073127.64,2239872262.48,1.0,7.1045,sz,none,baostock,2026-03-26 23:33:38.985549,2026-03-26 23:33:38.985549
002436.SZ,2025-10-28,20.79,21.88,20.66,21.43,1032575.13,2218118052.14,1.0,6.836,sz,none,baostock,2026-03-26 23:33:38.985556,2026-03-26 23:33:38.985557
002436.SZ,2025-10-29,21.58,22.0,21.46,21.8,836926.95,1820652790.48,1.0,5.5407,sz,none,baostock,2026-03-26 23:33:38.985564,2026-03-26 23:33:38.985565
002436.SZ,2025-10-30,21.55,21.83,21.16,21.22,729013.17,1562140725.08,1.0,4.8263,sz,none,baostock,2026-03-26 23:33:38.985572,2026-03-26 23:33:38.985572
002436.SZ,2025-10-31,21.71,22.0,20.42,21.37,1095210.78,2330678238.88,1.0,7.2507,sz,none,baostock,2026-03-26 23:33:38.985580,2026-03-26 23:33:38.985580
002436.SZ,2025-11-03,21.06,21.47,20.46,21.33,711255.26,1492773670.74,1.0,4.7087,sz,none,baostock,2026-03-26 23:33:38.985588,2026-03-26 23:33:38.985588
002436.SZ,2025-11-04,21.38,22.07,20.9,21.31,907240.69,1945770931.84,1.0,6.0062,sz,none,baostock,2026-03-26 23:33:38.985596,2026-03-26 23:33:38.985596
002436.SZ,2025-11-05,20.5,21.85,20.43,21.66,760939.37,1607520853.94,1.0,5.0377,sz,none,baostock,2026-03-26 23:33:38.985604,2026-03-26 23:33:38.985604
002436.SZ,2025-11-06,21.75,22.05,21.21,21.98,1041120.17,2261873026.0,1.0,6.8926,sz,none,baostock,2026-03-26 23:33:38.985611,2026-03-26 23:33:38.985612
002436.SZ,2025-11-07,21.65,23.15,21.52,22.58,1369891.41,3072434420.99,1.0,9.0691,sz,none,baostock,2026-03-26 23:33:38.985619,2026-03-26 23:33:38.985619
002436.SZ,2025-11-10,22.58,22.9,21.0,21.77,1137549.03,2487805260.41,1.0,7.531,sz,none,baostock,2026-03-26 23:33:38.985627,2026-03-26 23:33:38.985627
002436.SZ,2025-11-11,22.6,23.95,22.37,23.08,2654719.97,6155312415.3,1.0,17.5751,sz,none,baostock,2026-03-26 23:33:38.985634,2026-03-26 23:33:38.985635
002436.SZ,2025-11-12,22.09,22.29,20.88,21.23,1694444.37,3636938925.42,1.0,11.2178,sz,none,baostock,2026-03-26 23:33:38.985642,2026-03-26 23:33:38.985642
002436.SZ,2025-11-13,21.05,21.69,20.83,21.04,904588.88,1919904557.37,1.0,5.9887,sz,none,baostock,2026-03-26 23:33:38.985650,2026-03-26 23:33:38.985650
002436.SZ,2025-11-14,20.6,20.64,19.88,20.2,776029.32,1571895756.62,1.0,5.1376,sz,none,baostock,2026-03-26 23:33:38.985657,2026-03-26 23:33:38.985657
002436.SZ,2025-11-17,20.19,21.4,20.08,21.01,824048.65,1730787641.85,1.0,5.4555,sz,none,baostock,2026-03-26 23:33:38.985665,2026-03-26 23:33:38.985665
002436.SZ,2025-11-18,20.8,21.86,20.68,21.16,761241.92,1624627193.05,1.0,5.0397,sz,none,baostock,2026-03-26 23:33:38.985673,2026-03-26 23:33:38.985673
002436.SZ,2025-11-19,21.01,21.28,20.4,20.58,520396.87,1081157543.47,1.0,3.4452,sz,none,baostock,2026-03-26 23:33:38.985680,2026-03-26 23:33:38.985680
002436.SZ,2025-11-20,21.11,21.2,19.68,19.86,725441.46,1461259630.75,1.0,4.8027,sz,none,baostock,2026-03-26 23:33:38.985688,2026-03-26 23:33:38.985688
002436.SZ,2025-11-21,19.3,19.57,18.63,18.66,760694.71,1450203594.92,1.0,5.0361,sz,none,baostock,2026-03-26 23:33:38.985695,2026-03-26 23:33:38.985695
002436.SZ,2025-11-24,18.86,19.67,18.41,19.23,732700.72,1388713238.41,1.0,4.8507,sz,none,baostock,2026-03-26 23:33:38.985703,2026-03-26 23:33:38.985703
002436.SZ,2025-11-25,19.29,20.42,19.13,20.1,924461.66,1843940128.11,1.0,6.1202,sz,none,baostock,2026-03-26 23:33:38.985710,2026-03-26 23:33:38.985711
002436.SZ,2025-11-26,19.89,20.56,19.76,19.94,697615.58,1403594018.84,1.0,4.6184,sz,none,baostock,2026-03-26 23:33:38.985718,2026-03-26 23:33:38.985718
002436.SZ,2025-11-27,20.0,20.62,19.9,20.19,772978.87,1569260176.32,1.0,5.1174,sz,none,baostock,2026-03-26 23:33:38.985726,2026-03-26 23:33:38.985726
002436.SZ,2025-11-28,20.1,21.87,20.07,21.52,1188749.95,2525239225.92,1.0,7.8699,sz,none,baostock,2026-03-26 23:33:38.985733,2026-03-26 23:33:38.985733
002436.SZ,2025-12-01,21.74,22.09,21.54,21.75,832910.64,1816973260.78,1.0,5.5141,sz,none,baostock,2026-03-26 23:33:38.985741,2026-03-26 23:33:38.985741
002436.SZ,2025-12-02,21.79,21.95,21.41,21.47,625637.09,1353179251.72,1.0,4.1419,sz,none,baostock,2026-03-26 23:33:38.985749,2026-03-26 23:33:38.985749
002436.SZ,2025-12-03,21.6,21.97,21.18,21.33,652146.76,1405778414.83,1.0,4.3174,sz,none,baostock,2026-03-26 23:33:38.985757,2026-03-26 23:33:38.985757
002436.SZ,2025-12-04,21.22,21.87,21.07,21.54,562286.53,1207182127.29,1.0,3.7225,sz,none,baostock,2026-03-26 23:33:38.985765,2026-03-26 23:33:38.985765
002436.SZ,2025-12-05,21.5,21.58,20.7,21.32,580735.7,1229446188.44,1.0,3.8447,sz,none,baostock,2026-03-26 23:33:38.985772,2026-03-26 23:33:38.985772
002436.SZ,2025-12-08,21.4,22.0,21.26,21.75,768855.94,1670951094.67,1.0,5.0901,sz,none,baostock,2026-03-26 23:33:38.985787,2026-03-26 23:33:38.985787
002436.SZ,2025-12-09,21.65,22.24,21.48,21.9,834814.69,1823421319.2,1.0,5.5268,sz,none,baostock,2026-03-26 23:33:38.985797,2026-03-26 23:33:38.985798
002436.SZ,2025-12-10,21.75,22.07,21.54,21.85,697919.58,1520969860.73,1.0,4.6205,sz,none,baostock,2026-03-26 23:33:38.985806,2026-03-26 23:33:38.985806
002436.SZ,2025-12-11,21.73,21.86,20.65,20.67,897279.62,1894039795.44,1.0,5.9403,sz,none,baostock,2026-03-26 23:33:38.985813,2026-03-26 23:33:38.985813
002436.SZ,2025-12-12,20.61,20.66,19.48,20.17,971030.12,1941088780.51,1.0,6.4285,sz,none,baostock,2026-03-26 23:33:38.985821,2026-03-26 23:33:38.985821
002436.SZ,2025-12-15,19.99,20.15,19.45,19.51,618220.28,1218744010.65,1.0,4.0928,sz,none,baostock,2026-03-26 23:33:38.985830,2026-03-26 23:33:38.985830
002436.SZ,2025-12-16,19.46,19.66,18.95,19.16,518105.0,993688908.0,1.0,3.43,sz,none,baostock,2026-03-26 23:33:38.985838,2026-03-26 23:33:38.985838
002436.SZ,2025-12-17,19.16,19.64,18.97,19.62,649759.62,1251776692.8,1.0,4.3016,sz,none,baostock,2026-03-26 23:33:38.985846,2026-03-26 23:33:38.985846
002436.SZ,2025-12-18,19.27,19.86,19.11,19.3,475880.75,925837239.15,1.0,3.1505,sz,none,baostock,2026-03-26 23:33:38.985855,2026-03-26 23:33:38.985855
002436.SZ,2025-12-19,19.58,19.75,19.13,19.2,519121.69,1005343834.11,1.0,3.4368,sz,none,baostock,2026-03-26 23:33:38.985863,2026-03-26 23:33:38.985863
002436.SZ,2025-12-22,19.31,20.34,19.3,20.06,736435.79,1467774630.14,1.0,4.8755,sz,none,baostock,2026-03-26 23:33:38.985870,2026-03-26 23:33:38.985870
002436.SZ,2025-12-23,19.97,20.52,19.75,20.14,659852.49,1322132463.06,1.0,4.3684,sz,none,baostock,2026-03-26 23:33:38.985878,2026-03-26 23:33:38.985878
002436.SZ,2025-12-24,20.13,21.55,20.08,21.21,1011654.4,2107982117.29,1.0,6.6975,sz,none,baostock,2026-03-26 23:33:38.985886,2026-03-26 23:33:38.985886
002436.SZ,2025-12-25,21.11,21.38,20.76,20.93,544888.93,1144472521.05,1.0,3.6073,sz,none,baostock,2026-03-26 23:33:38.985894,2026-03-26 23:33:38.985894
002436.SZ,2025-12-26,21.0,22.33,20.55,21.55,1289722.3,2768412401.88,1.0,8.5384,sz,none,baostock,2026-03-26 23:33:38.985902,2026-03-26 23:33:38.985902
002436.SZ,2025-12-29,21.52,22.28,21.15,21.92,1222527.38,2665042793.29,1.0,8.0935,sz,none,baostock,2026-03-26 23:33:38.985909,2026-03-26 23:33:38.985909
002436.SZ,2025-12-30,21.85,22.22,21.56,21.7,761049.42,1663335723.26,1.0,5.0384,sz,none,baostock,2026-03-26 23:33:38.985917,2026-03-26 23:33:38.985917
002436.SZ,2025-12-31,21.81,21.88,21.13,21.17,601591.75,1284388451.5,1.0,3.9827,sz,none,baostock,2026-03-26 23:33:38.985925,2026-03-26 23:33:38.985925
002436.SZ,2026-01-05,21.43,22.46,21.05,22.27,1110684.25,2431779126.55,1.0,7.3531,sz,none,baostock,2026-03-26 23:33:38.985933,2026-03-26 23:33:38.985933
002436.SZ,2026-01-06,22.27,22.38,21.58,21.85,870406.61,1906539374.45,1.0,5.7624,sz,none,baostock,2026-03-26 23:33:38.985941,2026-03-26 23:33:38.985941
002436.SZ,2026-01-07,21.93,22.84,21.93,22.31,977286.5,2182221350.22,1.0,6.47,sz,none,baostock,2026-03-26 23:33:38.985948,2026-03-26 23:33:38.985949
002436.SZ,2026-01-08,22.09,22.89,21.9,22.26,850339.5,1904159153.87,1.0,5.6295,sz,none,baostock,2026-03-26 23:33:38.985957,2026-03-26 23:33:38.985957
002436.SZ,2026-01-09,22.13,23.12,21.4,22.49,1104621.45,2467220711.75,1.0,7.313,sz,none,baostock,2026-03-26 23:33:38.985965,2026-03-26 23:33:38.985966
002436.SZ,2026-01-12,22.91,23.58,22.73,22.98,1012950.65,2345278498.3,1.0,6.7061,sz,none,baostock,2026-03-26 23:33:38.985974,2026-03-26 23:33:38.985974
002436.SZ,2026-01-13,23.0,23.0,21.9,22.1,994888.92,2218663877.91,1.0,6.5865,sz,none,baostock,2026-03-26 23:33:38.985983,2026-03-26 23:33:38.985983
002436.SZ,2026-01-14,22.11,22.75,21.85,22.4,1117524.56,2490348829.84,1.0,7.3984,sz,none,baostock,2026-03-26 23:33:38.985992,2026-03-26 23:33:38.985992
002436.SZ,2026-01-15,22.26,22.85,22.04,22.75,796701.1,1789309514.27,1.0,5.2744,sz,none,baostock,2026-03-26 23:33:38.986000,2026-03-26 23:33:38.986000
002436.SZ,2026-01-16,23.0,23.68,22.92,23.36,950071.45,2212456346.36,1.0,6.2898,sz,none,baostock,2026-03-26 23:33:38.986008,2026-03-26 23:33:38.986009
002436.SZ,2026-01-19,23.79,25.0,23.46,24.22,1327721.88,3214199412.55,1.0,8.79,sz,none,baostock,2026-03-26 23:33:38.986017,2026-03-26 23:33:38.986017
002436.SZ,2026-01-20,24.17,24.68,23.08,23.5,1124723.08,2654894919.77,1.0,7.446,sz,none,baostock,2026-03-26 23:33:38.986025,2026-03-26 23:33:38.986025
002436.SZ,2026-01-21,23.22,25.85,23.22,25.45,2079030.01,5225163259.81,1.0,13.7639,sz,none,baostock,2026-03-26 23:33:38.986033,2026-03-26 23:33:38.986033
002436.SZ,2026-01-22,25.87,26.11,25.18,25.87,1464777.24,3751157837.04,1.0,9.6973,sz,none,baostock,2026-03-26 23:33:38.986042,2026-03-26 23:33:38.986042
002436.SZ,2026-01-23,25.79,25.8,24.91,25.11,1288271.92,3249704639.8,1.0,8.5288,sz,none,baostock,2026-03-26 23:33:38.986050,2026-03-26 23:33:38.986050
002436.SZ,2026-01-26,25.29,25.34,23.68,24.49,1348776.08,3284650392.86,1.0,8.9294,sz,none,baostock,2026-03-26 23:33:38.986058,2026-03-26 23:33:38.986059
002436.SZ,2026-01-27,24.44,24.97,23.5,24.82,1051277.14,2562759850.63,1.0,6.9598,sz,none,baostock,2026-03-26 23:33:38.986066,2026-03-26 23:33:38.986067
002436.SZ,2026-01-28,24.84,25.1,24.2,24.42,686702.76,1683397652.13,1.0,4.5462,sz,none,baostock,2026-03-26 23:33:38.986075,2026-03-26 23:33:38.986075
002436.SZ,2026-01-29,24.28,24.97,23.5,23.58,899157.36,2168781498.81,1.0,5.9527,sz,none,baostock,2026-03-26 23:33:38.986083,2026-03-26 23:33:38.986083
002436.SZ,2026-01-30,23.32,23.98,22.7,23.59,755626.72,1768319768.5,1.0,5.0025,sz,none,baostock,2026-03-26 23:33:38.986091,2026-03-26 23:33:38.986091
002436.SZ,2026-02-02,23.01,23.7,22.01,22.03,947737.78,2146708814.94,1.0,6.2743,sz,none,baostock,2026-03-26 23:33:38.986100,2026-03-26 23:33:38.986100
002436.SZ,2026-02-03,22.41,23.25,22.31,23.17,845285.42,1929023093.58,1.0,5.5961,sz,none,baostock,2026-03-26 23:33:38.986108,2026-03-26 23:33:38.986108
002436.SZ,2026-02-04,22.91,23.05,22.51,22.84,456962.56,1039868450.59,1.0,3.0252,sz,none,baostock,2026-03-26 23:33:38.986116,2026-03-26 23:33:38.986116
002436.SZ,2026-02-05,22.48,22.55,21.39,21.82,836927.57,1830434755.22,1.0,5.5407,sz,none,baostock,2026-03-26 23:33:38.986124,2026-03-26 23:33:38.986124
002436.SZ,2026-02-06,21.66,22.9,21.41,22.19,616693.83,1371206514.87,1.0,4.0827,sz,none,baostock,2026-03-26 23:33:38.986132,2026-03-26 23:33:38.986132
002436.SZ,2026-02-09,22.5,22.64,22.21,22.37,499676.29,1120209252.06,1.0,3.308,sz,none,baostock,2026-03-26 23:33:38.986140,2026-03-26 23:33:38.986140
002436.SZ,2026-02-10,22.4,22.86,22.26,22.29,491048.91,1104885581.42,1.0,3.2509,sz,none,baostock,2026-03-26 23:33:38.986148,2026-03-26 23:33:38.986148
002436.SZ,2026-02-11,22.16,22.7,21.92,21.96,505711.27,1123577244.93,1.0,3.348,sz,none,baostock,2026-03-26 23:33:38.986156,2026-03-26 23:33:38.986156
002436.SZ,2026-02-12,22.22,22.9,21.9,22.76,709417.97,1596171495.52,1.0,4.6966,sz,none,baostock,2026-03-26 23:33:38.986164,2026-03-26 23:33:38.986164
002436.SZ,2026-02-13,22.6,23.48,22.53,22.88,619343.47,1427748052.61,1.0,4.1003,sz,none,baostock,2026-03-26 23:33:38.986172,2026-03-26 23:33:38.986172
002436.SZ,2026-02-24,23.7,25.13,23.5,24.95,1599664.18,3939925403.03,1.0,10.5903,sz,none,baostock,2026-03-26 23:33:38.986179,2026-03-26 23:33:38.986180
002436.SZ,2026-02-25,24.9,26.74,24.7,26.3,1793166.58,4669510182.94,1.0,11.8714,sz,none,baostock,2026-03-26 23:33:38.986187,2026-03-26 23:33:38.986188
002436.SZ,2026-02-26,26.26,27.34,25.87,26.84,1334311.03,3559853161.71,1.0,8.8336,sz,none,baostock,2026-03-26 23:33:38.986195,2026-03-26 23:33:38.986195
002436.SZ,2026-02-27,26.1,26.38,25.4,25.97,1126788.95,2917533146.45,1.0,7.4597,sz,none,baostock,2026-03-26 23:33:38.986202,2026-03-26 23:33:38.986203
002436.SZ,2026-03-02,25.5,27.0,25.5,26.37,1277406.24,3393659956.09,1.0,8.4569,sz,none,baostock,2026-03-26 23:33:38.986211,2026-03-26 23:33:38.986211
002436.SZ,2026-03-03,26.5,26.99,24.5,24.56,1269091.96,3204808791.73,1.0,8.4018,sz,none,baostock,2026-03-26 23:33:38.986219,2026-03-26 23:33:38.986219
002436.SZ,2026-03-04,24.12,25.77,24.12,24.76,1129294.97,2824929897.05,1.0,7.4763,sz,none,baostock,2026-03-26 23:33:38.986227,2026-03-26 23:33:38.986227
002436.SZ,2026-03-05,25.68,26.34,25.26,25.53,1030766.4,2653382311.94,1.0,6.824,sz,none,baostock,2026-03-26 23:33:38.986235,2026-03-26 23:33:38.986235
002436.SZ,2026-03-06,25.28,25.69,24.76,25.09,789805.18,1984388071.23,1.0,5.2288,sz,none,baostock,2026-03-26 23:33:38.986243,2026-03-26 23:33:38.986243
002436.SZ,2026-03-09,23.87,24.06,22.58,23.75,1482886.5,3436610264.86,1.0,9.8172,sz,none,baostock,2026-03-26 23:33:38.986252,2026-03-26 23:33:38.986252
002436.SZ,2026-03-10,24.3,24.8,24.12,24.59,821528.71,2013501606.09,1.0,5.4388,sz,none,baostock,2026-03-26 23:33:38.986260,2026-03-26 23:33:38.986260
002436.SZ,2026-03-11,24.5,25.09,24.2,24.42,643459.75,1580837193.01,1.0,4.2599,sz,none,baostock,2026-03-26 23:33:38.986268,2026-03-26 23:33:38.986268
002436.SZ,2026-03-12,24.36,24.5,23.33,23.66,643216.16,1530331911.05,1.0,4.2583,sz,none,baostock,2026-03-26 23:33:38.986276,2026-03-26 23:33:38.986276
002436.SZ,2026-03-13,23.45,24.74,23.15,23.94,906418.74,2173123995.47,1.0,6.0008,sz,none,baostock,2026-03-26 23:33:38.986285,2026-03-26 23:33:38.986285
002436.SZ,2026-03-16,23.84,24.07,22.95,23.92,839424.85,1965581037.12,1.0,5.5573,sz,none,baostock,2026-03-26 23:33:38.986293,2026-03-26 23:33:38.986293
002436.SZ,2026-03-17,24.33,24.42,22.59,22.59,958240.17,2215847421.89,1.0,6.3439,sz,none,baostock,2026-03-26 23:33:38.986301,2026-03-26 23:33:38.986301
002436.SZ,2026-03-18,22.81,23.25,22.55,23.2,689427.84,1583761139.45,1.0,4.5642,sz,none,baostock,2026-03-26 23:33:38.986308,2026-03-26 23:33:38.986309
002436.SZ,2026-03-19,22.6,22.89,22.26,22.41,606254.23,1364727272.67,1.0,4.0136,sz,none,baostock,2026-03-26 23:33:38.986316,2026-03-26 23:33:38.986317
002436.SZ,2026-03-20,22.46,22.87,21.66,21.67,662027.58,1470500326.64,1.0,4.3828,sz,none,baostock,2026-03-26 23:33:38.986324,2026-03-26 23:33:38.986324
002436.SZ,2026-03-23,21.25,21.53,20.3,20.44,690521.78,1439005638.75,1.0,4.5715,sz,none,baostock,2026-03-26 23:33:38.986332,2026-03-26 23:33:38.986332
002436.SZ,2026-03-24,20.85,20.95,20.0,20.89,568091.26,1166096775.53,1.0,3.761,sz,none,baostock,2026-03-26 23:33:38.986340,2026-03-26 23:33:38.986340
002436.SZ,2026-03-25,21.05,21.52,21.01,21.1,497398.56,1058100073.23,1.0,3.2929,sz,none,baostock,2026-03-26 23:33:38.986348,2026-03-26 23:33:38.986348
002436.SZ,2026-03-26,21.1,21.24,20.52,20.64,444333.08,927726685.56,1.0,2.9416,sz,none,baostock,2026-03-26 23:33:38.986355,2026-03-26 23:33:38.986356
